1.001357504072250038e+02
1.000978460867730462e+02
1.000766390189459969e+02
1.000823366617648134e+02
1.001773692112851393e+02
1.001611027640561105e+02
1.001125330224490142e+02
1.000977721631876989e+02
1.001749314578977987e+02
1.000880795650364377e+02
1.001072660023101548e+02
1.001627101685974708e+02
1.002987591538778958e+02
1.001073711110251026e+02
1.001155749444915983e+02
1.001566913896374729e+02
1.001747355220255429e+02
1.001471308785140764e+02
1.001829349176999528e+02
1.001268366766240518e+02
1.001181525275807047e+02
1.001128019362839581e+02
1.001051998204603279e+02
1.001535764088149136e+02
1.001183641852040154e+02
1.001123210453017691e+02
1.001131088900635433e+02
1.000762148252559598e+02
1.001699083696775290e+02
1.001509229403539081e+02
1.001142886675852424e+02
1.001466741858801868e+02
1.001221682200273904e+02
1.001555193205910683e+02
1.001262133928038196e+02
1.001448400857745611e+02
1.001207791153389621e+02
1.001081196687570554e+02
1.001304746356259159e+02
1.001927346303706372e+02
1.001699883067260686e+02
1.001798488632292390e+02
1.001423560824432002e+02
1.001276375793557065e+02
1.001231380902611789e+02
1.001110138532607294e+02
1.000794099856893951e+02
1.001079807701437971e+02
1.000968096558019482e+02
1.001247452524183785e+02
1.000945177616588495e+02
1.000799547045803024e+02
1.000702571591057932e+02
1.001247268158666799e+02
1.001257288776256473e+02
1.001156407176935232e+02
1.001046107476550873e+02
1.000925939310356796e+02
1.001585717801572741e+02
1.001294346520876246e+02
1.001321264018605177e+02
1.000728728452737926e+02
1.001388300921699255e+02
1.001277048598389001e+02
1.001219755417578625e+02
1.001203325612273574e+02
1.001547859172885069e+02
1.000812757277705032e+02
1.001366058289067809e+02
1.001348724134831656e+02
1.001756990812201309e+02
1.001543518245638751e+02
1.001182947855319156e+02
1.001166668577633629e+02
1.001458348122256439e+02
1.001784558014544615e+02
1.000822756354844074e+02
1.001457198966197097e+02
1.001703445413818656e+02
1.001047453034172179e+02
1.001250563268048523e+02
1.001203328160122368e+02
1.001632923239464503e+02
1.001709433301957404e+02
1.001264605399972396e+02
1.001975541630828559e+02
1.002719807484506305e+02
1.001424782268592679e+02
1.001286825292428375e+02
1.001185158145308804e+02
1.001378577207785980e+02
1.000913555463275344e+02
1.000962940885114563e+02
1.000967340656589073e+02
1.001918008187262643e+02
1.001589110791059340e+02
1.001313249026019321e+02
1.001094842511896132e+02
1.000539661661839546e+02
1.001450022162037214e+02
1.002890995215918934e+02
1.000883227219054277e+02
1.001647557512363562e+02
1.001512800062614019e+02
1.001359294460554281e+02
1.000850679883833010e+02
1.001096834638228756e+02
1.001228632855712561e+02
1.000800766830370492e+02
1.001280483007981417e+02
1.001087415663019016e+02
1.000609673375363542e+02
1.001158658191128268e+02
1.001254531662435312e+02
1.000924972901788834e+02
1.000834684655957574e+02
1.001214403795973595e+02
1.001074034860305346e+02
1.001959764638679218e+02
1.001802966360455258e+02
1.001296871400377313e+02
1.000876728554390809e+02
1.000776986416436785e+02
1.001703912515741024e+02
1.001568588754122970e+02
1.001036444680618445e+02
1.001701760692022560e+02
1.001413470503561456e+02
1.001124839002967946e+02
1.001371952036978001e+02
1.001171950219340658e+02
1.001442166872233344e+02
1.001390136984858401e+02
1.001198998282418700e+02
1.000910730075062958e+02
1.001655257583494603e+02
1.001000492380084239e+02
1.001475839991740173e+02
1.000998227211922824e+02
1.001027235678517684e+02
1.001562887385111082e+02
1.001586029112166329e+02
1.000407055004281602e+02
1.001146821803258291e+02
1.001544799484588566e+02
1.002944636185207088e+02
1.001392944817737742e+02
1.001326054980541187e+02
1.001073480531625108e+02
1.001363027785142634e+02
1.001147224895819079e+02
1.001313883107577425e+02
1.001223842706232006e+02
1.001516694797078912e+02
1.001955013172153599e+02
1.001565459551591317e+02
1.001444474942087908e+02
1.000959772019441658e+02
1.001400065026510759e+02
1.001482602589231448e+02
1.001785241982827017e+02
1.001513184871906930e+02
1.001039121746185003e+02
1.001026012921595054e+02
1.001036136225717570e+02
1.001418099183033803e+02
1.001305384721947149e+02
1.001057426228749421e+02
1.001391068948422571e+02
1.001576947997174045e+02
1.000727127446481433e+02
1.001532076598208789e+02
1.001156217941562119e+02
1.000426566177391123e+02
1.001621070663224913e+02
1.001137904489394685e+02
1.001294180809227754e+02
1.001436297641503046e+02
1.000946441360897836e+02
1.000848479580144357e+02
1.001466397086771707e+02
1.000707140303103131e+02
1.000926938049328498e+02
1.001270420219757114e+02
1.001122395721152003e+02
1.001404342276955646e+02
1.001014119425273492e+02
1.001429468586158151e+02
1.000616519957009842e+02
1.001120504595416492e+02
1.001617394142363082e+02
1.001880579980085884e+02
1.001173331092173697e+02
1.001674631484927147e+02
1.001569242591349109e+02
1.001406801124208101e+02
1.001058318000922469e+02
1.001022992063017227e+02
1.001201175483311658e+02
1.001496929359285275e+02
